12 15
1136 1906 4541 1139 4940 1307 249 1530 1960 1314 3391 3008 3756 614 251 
511 2032 806 140 1878 4858 2817 8 2296 4666 1647 3449 1121 700 2317 
3894 1120 606 1063 949 442 531 214 4655 2124 4847 4092 4861 3491 2460 
2134 2882 4087 3316 602 1392 205 3768 592 4728 4044 2888 1486 84 3770 
1076 1014 1184 1608 2418 2715 2560 2763 4473 3452 147 4005 2558 1424 3369 
235 341 3403 1120 2968 2834 4848 4693 115 2512 647 3778 3052 1266 3440 
4315 644 2752 2721 317 557 2405 2469 1816 1208 4574 3022 524 2806 229 
20 1971 569 4679 3006 710 3116 2058 88 1370 280 499 806 4732 408 
3032 1544 4467 4951 993 998 2733 1841 2676 2270 4469 4479 146 1412 979 
2303 4188 4001 2036 3580 4793 15 1555 241 348 275 1064 4972 1946 988 
3168 880 3769 4468 4414 499 3104 964 1801 242 3770 2541 4045 4650 4772 
4364 4166 1025 4274 4358 4939 27 2669 2293 3255 1505 3880 697 2262 2991 